000006
000011
000012
000016
000019
000025
000028
000029
000030
000032
000034
000035
000036
000048
000049
000058
000059
000061
000062
000065
000070
000088
000090
000155
000403
000415
000420
000422
000423
000426
000488
000498
000503
000507
000517
000528
000539
000543
000544
000546
000550
000552
000555
000557
000560
000566
000567
000582
000591
000592
000597
000600
000601
000603
000612
000615
000639
000650
000652
000657
000672
000676
000681
000682
000683
000685
000686
000688
000690
000697
000710
000712
000718
000719
000727
000735
000736
000737
000756
000758
000761
000762
000767
000789
000791
000793
000795
000796
000797
000801
000810
000811
000813
000818
000821
000823
000828
000829
000831
000837
000848
000860
000869
000875
000881
000882
000885
000893
000900
000901
000902
000903
000910
000913
000915
000917
000921
000923
000927
000928
000931
000933
000935
000936
000950
000951
000958
000966
000968
000969
000989
000990
001213
001236
001258
001269
001270
001287
001301
001308
001311
001322
001323
001337
001338
001696
002003
002004
002006
002011
002015
002017
002020
002022
002023
002025
002034
002035
002036
002038
002041
002042
002043
002044
002048
002051
002053
002055
002060
002061
002063
002068
002077
002079
002081
002085
002088
002091
002096
002097
002099
002100
002101
002106
002108
002123
002124
002125
002126
002127
002130
002135
002139
002145
002151
002158
002163
002171
002174
002176
002182
002183
002190
002191
002192
002194
002201
002204
002206
002212
002214
002215
002216
002217
002218
002219
002221
002222
002226
002228
002232
002233
002234
002237
002239
002240
002242
002243
002245
002249
002250
002251
002254
002258
002261
002262
002265
002267
002274
002275
002276
002277
002283
002285
002287
002291
002292
002293
002298
002301
002302
002303
002307
002309
002310
002312
002314
002317
002318
002320
002324
002326
002332
002335
002344
002349
002351
002354
002367
002376
002378
002383
002389
002390
002396
002400
002402
002405
002407
002413
002416
002421
002424
002425
002428
002432
002434
002436
002437
002440
002446
002449
002453
002456
002458
002461
002463
002467
002472
002479
002481
002484
002487
002488
002489
002497
002498
002515
002516
002517
002518
002522
002530
002531
002534
002537
002539
002541
002542
002544
002545
002547
002549
002550
002556
002558
002562
002567
002573
002581
002582
002583
002585
002589
002596
002597
002605
002609
002611
002612
002614
002616
002617
002625
002626
002635
002636
002639
002641
002643
002645
002646
002647
002649
002651
002662
002664
002672
002675
002677
002695
002697
002698
002701
002705
002706
002717
002724
002726
002727
002733
002737
002738
002741
002745
002746
002747
002755
002756
002759
002761
002768
002773
002777
002782
002792
002793
002798
002803
002807
002810
002815
002832
002833
002837
002838
002839
002840
002847
002850
002851
002859
002865
002866
002880
002891
002895
002901
002906
002911
002912
002913
002918
002928
002929
002930
002932
002941
002946
002948
002950
002955
002959
002960
002961
002967
002969
002970
002973
002975
002977
002978
002979
002980
002982
002984
002985
002987
002989
002990
002991
002993
003006
003009
003012
003021
003031
003032
003039
003040
600006
600007
600012
600017
600032
600037
600054
600055
600057
600058
600059
600063
600064
600072
600073
600075
600096
600098
600100
600103
600105
600108
600110
600114
600116
600120
600123
600125
600129
600138
600151
600158
600163
600169
600172
600179
600184
600185
600195
600197
600201
600206
600210
600211
600216
600217
600223
600246
600248
600252
600259
600261
600266
600267
600273
600284
600285
600295
600305
600308
600312
600313
600320
600323
600326
600328
600330
600331
600335
600337
600338
600340
600343
600360
600361
600363
600366
600370
600378
600389
600391
600395
600400
600403
600409
600416
600420
600422
600428
600446
600449
600452
600456
600458
600459
600475
600477
600478
600480
600481
600483
600490
600491
600496
600499
600502
600503
600507
600508
600510
600512
600523
600531
600548
600550
600552
600556
600557
600559
600562
600569
600572
600575
600577
600578
600581
600583
600586
600587
600590
600595
600596
600601
600602
600604
600610
600612
600618
600621
600622
600623
600624
600633
600635
600639
600641
600643
600645
600648
600649
600657
600662
600667
600675
600682
600685
600686
600688
600691
600694
600710
600711
600715
600717
600718
600720
600728
600729
600738
600740
600742
600746
600748
600750
600751
600761
600770
600771
600773
600775
600776
600777
600780
600782
600783
600787
600789
600797
600800
600810
600812
600821
600825
600835
600841
600846
600850
600855
600861
600864
600869
600872
600873
600874
600876
600877
600882
600888
600894
600903
600908
600916
600929
600933
600935
600955
600963
600966
600971
600975
600976
600977
600984
600986
600990
600993
600995
600996
600997
601001
601011
601015
601019
601022
601058
601068
601069
601099
601101
601126
601137
601158
601163
601200
601208
601212
601222
601231
601279
601311
601326
601330
601333
601369
601375
601399
601515
601519
601528
601567
601588
601595
601606
601609
601619
601666
601677
601678
601686
601700
601702
601718
601777
601801
601811
601827
601858
601860
601869
601882
601886
601890
601908
601918
601921
601929
601949
601952
601963
601965
601969
601975
603005
603008
603010
603013
603018
603025
603026
603027
603032
603033
603039
603043
603053
603055
603057
603060
603063
603068
603071
603083
603087
603093
603098
603100
603103
603105
603108
603113
603118
603123
603128
603129
603132
603162
603169
603170
603171
603179
603180
603187
603197
603208
603212
603222
603229
603235
603236
603258
603279
603281
603283
603297
603298
603299
603300
603301
603305
603306
603308
603313
603323
603327
603328
603337
603338
603345
603348
603359
603363
603368
603378
603383
603387
603393
603396
603416
603429
603439
603466
603477
603489
603505
603508
603511
603520
603529
603530
603533
603556
603565
603566
603567
603583
603587
603588
603590
603595
603596
603599
603601
603606
603609
603610
603612
603626
603636
603638
603666
603678
603686
603688
603690
603693
603699
603711
603713
603718
603719
603728
603730
603733
603766
603801
603808
603815
603826
603869
603871
603876
603877
603881
603887
603888
603896
603906
603915
603916
603919
603920
603936
603938
603956
603959
603960
603976
603979
603983
603985
603989
603995
603997
605007
605008
605009
605020
605090
605099
605111
605117
605118
605123
605136
605168
605199
605222
605296
605333
605338
605339
605365
605369
605376
605388
605507
605589
